[['  ', 'S896', 'S1', 'S2', 'S3', 'S4', 'S5', 'S7', 'S10'], ['S896', 0.0, 60.375, 59.375, 62.0, 58.25, 53.0], ['S1', 60.375, 0.0, 56.25, 61.0, 61.0, 53.5], ['S2', 59.375, 56.25, 0.0, 58.5, 57.0, 53.5], ['S3', 62.0, 61.0, 58.5, 0.0, 55.0, 55.0], ['S4', 58.25, 61.0, 57.0, 55.0, 0.0, 56.0], ['S5', 53.0, 53.5, 53.5, 55.0, 56.0, 0.0]]