[[0.0, -301.25, -309.5, -296.125, -290.875, -309.125, -401.625], [-301.25, 0.0, -320.25, -317.5, -331.0, -338.0, -300.5], [-309.5, -320.25, 0.0, -322.625, -324.875, -323.125, -308.125], [-296.125, -317.5, -322.625, 0.0, -345.25, -326.0, -301.0], [-290.875, -331.0, -324.875, -345.25, 0.0, -315.75, -300.75], [-309.125, -338.0, -323.125, -326.0, -315.75, 0.0, -296.5], [-401.625, -300.5, -308.125, -301.0, -300.75, -296.5, 0.0]]